p_mat_mssa_components_without_covid
h=0       h=1        h=2        h=3         h=4          h=5         h=6
Shift=0 0.2296287 0.1602921 0.09439378 0.03237459 0.004924831 0.0005668733 0.003966546
Shift=1 0.8006342 0.6659301 0.41362244 0.17250321 0.026356459 0.0053926105 0.005973822
Shift=2 0.8756293 0.9614079 0.91693738 0.68326941 0.247741014 0.0680266397 0.038739311
Shift=3 0.3696958 0.8193442 0.99000839 0.95313532 0.532674031 0.1172428757 0.030028073
Shift=4 0.3525906 0.8015025 0.98330212 0.94339063 0.570535712 0.2390552019 0.043390024
Shift=5 0.1603145 0.5310700 0.83798818 0.99685512 0.942000924 0.5911924032 0.271081996

> ht_mssa_comp_mat
h=0      h=1       h=2      h=3      h=4      h=5      h=6
Shift=0 6.733333 5.941176  5.941176 5.941176 5.611111 5.611111 4.590909
Shift=1 8.333333 5.555556  7.142857 6.250000 5.882353 5.555556 4.545455
Shift=2 9.900000 8.250000  7.615385 5.210526 6.187500 6.187500 4.125000
Shift=3 9.800000 9.800000 12.250000 9.800000 6.125000 4.900000 5.444444
Shift=4 8.818182 7.461538  5.705882 7.461538 5.388889 4.850000 4.850000
Shift=5 8.727273 7.384615 10.666667 5.647059 8.000000 5.333333 4.363636

> MSE_oos_mssa_comp_without_covid_mat
h=0       h=1       h=2       h=3       h=4       h=5       h=6
Shift=0 0.4838866 0.4645817 0.4179717 0.3546800 0.3180499 0.3201882 0.3455431
Shift=1 0.4876006 0.4940830 0.4819503 0.4317486 0.3767111 0.3506562 0.3508720
Shift=2 0.4454133 0.4673661 0.4867181 0.4707261 0.4253749 0.3920053 0.3794181
Shift=3 0.4114315 0.4402526 0.4753668 0.4824510 0.4456523 0.4044419 0.3779994
Shift=4 0.4797601 0.5166437 0.5630350 0.5814921 0.5491130 0.4976343 0.4553672
Shift=5 0.6503613 0.6910563 0.7497052 0.7932782 0.7881135 0.7514458 0.7105024




> p_mat_HP_c_without_covid
h=0       h=1        h=2         h=3        h=4         h=5         h=6
Shift=0 0.3565913 0.2005681 0.09330005 0.007648988 0.01550383 0.111487716 0.473295297
Shift=1 0.7898300 0.5876287 0.24795118 0.020306239 0.01150891 0.030472674 0.142495325
Shift=2 0.9539288 0.8792142 0.53498797 0.079644675 0.01399314 0.013179644 0.027845928
Shift=3 0.9739270 0.9860459 0.86708416 0.342642409 0.02927634 0.005634522 0.004236814
Shift=4 0.8411056 0.9826445 0.89203287 0.415988310 0.09777234 0.018842759 0.008267538
Shift=5 0.2125159 0.7167567 0.96152531 0.674666423 0.22429981 0.077283400 0.042179410
> ht_HP_c_mat
h=0      h=1       h=2      h=3       h=4      h=5       h=6
Shift=0 4.714286 7.615385  4.950000 4.500000  7.071429 9.900000 12.375000
Shift=1 8.083333 7.461538  6.466667 6.062500  6.062500 8.818182 10.777778
Shift=2 6.785714 7.916667  6.785714 6.785714  7.307692 5.937500  9.500000
Shift=3 5.470588 7.153846 11.625000 7.153846  7.750000 6.200000  8.454545
Shift=4 6.066667 5.352941 11.375000 6.066667 10.111111 8.272727  8.272727
Shift=5 6.846154 5.933333  4.944444 5.235294  6.846154 7.416667  5.933333

MSE_oos_HP_c_without_covid_mat
h=0       h=1       h=2       h=3       h=4       h=5       h=6
Shift=0 0.5082881 0.4906969 0.4156450 0.3577098 0.3644898 0.3896040 0.4092318
Shift=1 0.5325492 0.5437953 0.4684431 0.3793698 0.3608485 0.3731810 0.3899025
Shift=2 0.5514436 0.6016553 0.5520324 0.4206562 0.3698115 0.3630001 0.3725759
Shift=3 0.4947413 0.5683248 0.5839864 0.4645289 0.3818528 0.3527203 0.3465814
Shift=4 0.5255981 0.5948830 0.6485990 0.5650898 0.4723074 0.4326006 0.4212484
Shift=5 0.6581370 0.6960898 0.7670876 0.7616340 0.6911795 0.6547901 0.6389391
> 