> p_mat_mssa_components
h=0         h=1         h=2         h=3          h=4          h=5          h=6
Shift=0 0.003237316 0.003230895 0.005266688 0.002460359 0.0004925044 0.0001546101 0.0001198661
Shift=1 0.235021535 0.188774374 0.057245050 0.009687194 0.0027027758 0.0015919332 0.0021001688
Shift=2 0.540773288 0.283210821 0.063352227 0.014658219 0.0106506369 0.0126123763 0.0439230586
Shift=3 0.324169382 0.258123523 0.052816969 0.012667585 0.0037323067 0.0087655280 0.0455227769
Shift=4 0.806938586 0.848628351 0.619056999 0.148654159 0.0523812494 0.0217079689 0.0183322142
Shift=5 0.669244388 0.846304670 0.946522542 0.510456747 0.2345831956 0.1288440086 0.0679241821
> # Same but without singular Pandemic
  > p_mat_mssa_components_without_covid
h=0        h=1         h=2          h=3          h=4          h=5          h=6
Shift=0 0.02501782 0.01078664 0.001892578 0.0003529525 6.567413e-05 0.0000361188 6.649289e-05
Shift=1 0.18584367 0.12634938 0.024078671 0.0049052322 3.149055e-03 0.0029644779 4.178231e-03
Shift=2 0.10170433 0.05690588 0.010490325 0.0019650283 1.237486e-03 0.0006888599 2.194822e-02
Shift=3 0.12973682 0.05614767 0.010012874 0.0026492692 3.952322e-04 0.0002504912 5.961108e-03
Shift=4 0.91208070 0.95976345 0.685346375 0.1113945846 4.034300e-02 0.0123531684 1.044076e-02
Shift=5 0.85180236 0.93038296 0.996045156 0.7559612588 3.275951e-01 0.1772285698 9.448035e-02
> 
  > 
  > p_mat_HP_c
h=0        h=1        h=2        h=3        h=4        h=5         h=6
Shift=0 0.07751510 0.08131786 0.08237671 0.07941118 0.06703732 0.03731763 0.008080006
Shift=1 0.03106347 0.03166128 0.03186079 0.03040011 0.02547584 0.01546671 0.006091259
Shift=2 0.28753965 0.38308523 0.49733625 0.61636549 0.69690710 0.67002308 0.447004594
Shift=3 0.64906227 0.73841426 0.81603814 0.88263929 0.92958218 0.95064995 0.912951858
Shift=4 0.90896631 0.93122767 0.95283846 0.96719660 0.97016242 0.95107448 0.856547806
Shift=5 0.58176545 0.59928980 0.63551445 0.70344234 0.81442310 0.91520460 0.875941214
> p_mat_HP_c_without_covid
h=0          h=1          h=2          h=3          h=4          h=5          h=6
Shift=0 0.0003143443 0.0003633291 0.0003977218 0.0004034482 0.0003643962 0.0003268135 0.0005439953
Shift=1 0.0588987654 0.0635231926 0.0696596038 0.0758626243 0.0658641260 0.0421901668 0.0164636957
Shift=2 0.5195033891 0.6623402699 0.7866452093 0.8681864607 0.8978325258 0.8488169583 0.5359638909
Shift=3 0.2485175067 0.3255674350 0.4024121633 0.5084833706 0.6261195172 0.6939897909 0.6148734481
Shift=4 0.9798529079 0.9854523233 0.9893807356 0.9898865254 0.9870755389 0.9648741155 0.8408084389
Shift=5 0.7036828163 0.7163135090 0.7467069608 0.7981246613 0.8862952344 0.9647783755 0.9529951543
> rRMSE_mSSA_comp_HP_c
h=0       h=1       h=2       h=3       h=4       h=5       h=6
Shift=0 0.9928182 0.9888672 0.9823580 0.9755302 0.9753115 0.9810851 0.9905555
Shift=1 1.0121294 1.0097692 0.9927470 0.9753462 0.9771899 0.9902851 1.0087314
Shift=2 1.0018709 0.9919319 0.9567116 0.9331377 0.9352029 0.9477217 0.9729110
Shift=3 0.9667867 0.9637487 0.9427533 0.9122392 0.9039765 0.9125198 0.9374776
Shift=4 0.9815588 0.9824071 0.9732291 0.9423077 0.9189981 0.9096066 0.9204822
Shift=5 0.9964477 1.0062459 1.0127452 0.9928552 0.9701486 0.9495897 0.9391189
> rRMSE_mSSA_comp_HP_c_without_covid
h=0       h=1       h=2       h=3       h=4       h=5       h=6
Shift=0 1.1070209 1.0816615 1.0259441 0.9850400 0.9859974 0.9956911 0.9980738
Shift=1 1.0197971 1.0034578 0.9428200 0.8948094 0.9074894 0.9442615 0.9955474
Shift=2 0.9738083 0.9360042 0.8254780 0.7683629 0.8022820 0.8533131 0.9263012
Shift=3 0.9804303 0.9665089 0.9000198 0.8194142 0.8128596 0.8439352 0.8989864
Shift=4 0.9791952 0.9812322 0.9592221 0.8933289 0.8490422 0.8319431 0.8536938
Shift=5 1.0028243 1.0187215 1.0319887 1.0014347 0.9651373 0.9325601 0.9150642